0.00156097 0.00111375 -0.000660391 
0.000173544 -0.00160288 0.00157313 
-0.000491388 0.00146656 0.00161131 
0.00199351 -0.000386613 0.000504321 
-0.00197464 -0.00108853 0.000865144 
-0.00132338 -0.000988316 0.00114887 
-0.000250685 0.00162481 0.00111365 
0.0019222 -0.000107107 0.00168911 
-0.00172845 -0.00157508 0.000991681 
0.000413329 -0.00150601 -0.000492691 
-0.000965113 -0.000787268 -0.000243198 
-0.00158214 0.00123855 -0.000327442 
-0.000404889 -0.00193723 -0.0016284 
0.000210416 0.00130896 -0.00146192 
0.00184491 -0.00125696 0.00135711 
0.00171206 0.00154572 0.000265652 
-0.000425468 0.000262804 -0.00104473 
0.00199622 0.000819889 0.00193162 
-0.0015598 0.00179515 -0.00190753 
-0.0011594 -0.00112232 0.00110335 
0.000156021 0.00079165 0.00130474 
-0.00147067 0.00088509 -0.00137423 
0.000303716 0.00135945 0.0013039 
0.0015519 0.0014231 0.00172246 
0.000604108 0.00108307 0.00128823 
-0.000195851 -0.000991835 -0.00112599 
-2.48036e-05 -1.67904e-05 -0.000320125 
-0.000819717 0.000751471 -0.00171745 
0.00146023 -0.000909072 -0.000616382 
-0.000213956 -0.00150339 -0.000926915 
0.00146345 -0.000225863 9.02668e-05 
-0.000741864 0.00192851 0.000994964 
-0.000129676 0.000852476 -0.00197384 
-0.00091652 -0.00182926 0.000317395 
0.000447122 -0.00164613 -0.00179838 
-0.000732129 -0.00167581 -0.00170711 
0.000289846 -0.00185115 -0.00118763 
-0.00045699 0.000650796 -0.000178455 
0.00185939 -5.87104e-05 -0.000900566 
-0.000134293 0.000877457 -0.0012782 
0.000343476 0.00192767 0.000948322 
0.00176537 -8.37577e-05 0.00143652 
0.000462637 0.000568697 0.00118298 
-0.00171807 0.00181213 -0.000731016 
